221623
221624
221625
221626
221627
221628
221629
221630
221631
221632
221633
221633
221634
221635
221636
221637
221638
221639
221640
221641
221642
221643
221644
221645
221646
221647
221647
221648
221652
221653
221657
221657
221658
221659
221659
221660
221660
221661
221662
221663
221663
221664
221664
221665
221665
221666
221666
221667
221668
221668
221669
221669
221670
221671
221672
221672
221674
221674
221675
221675
221676
221676
221677
221677
221678
221679
221680
221681
221682
221683
221683
221684
221685
221686
221687
221688
221689
221690
221693
221696
221697
221698
221699
221702
221703
221707
221712

221733

221736
221737
221741
221741
